MoveLin(-11.757, -11.757, 0, 0, 0, 0)
MoveLin(-11.757, -11.757, 0, 0, 0, 0)
MoveLin(-15.372, -10.408, 0, 0, 0, 0)
MoveLin(-19.35, -11.297, 0, 0, 0, 0)
MoveLin(-22.31, -14.215, 0, 0, 0, 0)
MoveLin(-23.26, -18.182, 0, 0, 0, 0)
MoveLin(-21.965, -21.825, 0, 0, 0, 0)
MoveLin(-19.04, -23.89, 0, 0, 0, 0)
MoveLin(-15.715, -23.722, 0, 0, 0, 0)
MoveLin(-13.373, -21.51, 0, 0, 0, 0)
MoveLin(-13.024, -18.214, 0, 0, 0, 0)
MoveLin(-14.925, -15.206, 0, 0, 0, 0)
MoveLin(-18.482, -13.748, 0, 0, 0, 0)
MoveLin(-22.476, -14.517, 0, 0, 0, 0)
MoveLin(-25.224, -16.627, 0, 0, 0, 0)
MoveLin(-25.963, -19.774, 0, 0, 0, 0)
MoveLin(-24.448, -22.671, 0, 0, 0, 0)
MoveLin(-21.252, -24.045, 0, 0, 0, 0)
MoveLin(-17.582, -23.201, 0, 0, 0, 0)
MoveLin(-14.826, -20.281, 0, 0, 0, 0)
MoveLin(-14.027, -16.212, 0, 0, 0, 0)
MoveLin(-15.485, -12.356, 0, 0, 0, 0)
MoveLin(-18.651, -9.994, 0, 0, 0, 0)
MoveLin(-22.327, -9.842, 0, 0, 0, 0)
MoveLin(-25.123, -11.782, 0, 0, 0, 0)
MoveLin(-25.982, -14.902, 0, 0, 0, 0)
MoveLin(-24.58, -17.847, 0, 0, 0, 0)
MoveLin(-21.446, -19.326, 0, 0, 0, 0)
MoveLin(-17.765, -18.604, 0, 0, 0, 0)
MoveLin(-14.93, -15.777, 0, 0, 0, 0)
MoveLin(-14.011, -11.736, 0, 0, 0, 0)
MoveLin(-15.357, -7.834, 0, 0, 0, 0)
MoveLin(-18.458, -5.368, 0, 0, 0, 0)
MoveLin(-22.142, -5.094, 0, 0, 0, 0)
MoveLin(-25.016, -6.939, 0, 0, 0, 0)
MoveLin(-25.994, -10.029, 0, 0, 0, 0)
MoveLin(-24.706, -13.019, 0, 0, 0, 0)
MoveLin(-21.638, -14.601, 0, 0, 0, 0)
MoveLin(-17.951, -14.001, 0, 0, 0, 0)
MoveLin(-15.039, -11.269, 0, 0, 0, 0)
MoveLin(-14.002, -7.261, 0, 0, 0, 0)
MoveLin(-15.233, -3.316, 0, 0, 0, 0)
MoveLin(-18.266, -0.748, 0, 0, 0, 0)
MoveLin(-21.955, -0.352, 0, 0, 0, 0)
MoveLin(-24.904, -2.101, 0, 0, 0, 0)
MoveLin(-26.0, -5.156, 0, 0, 0, 0)
MoveLin(-24.827, -8.187, 0, 0, 0, 0)
MoveLin(-21.829, -9.87, 0, 0, 0, 0)
MoveLin(-18.14, -9.392, 0, 0, 0, 0)
MoveLin(-15.154, -6.758, 0, 0, 0, 0)
MoveLin(-14.0, -2.786, 0, 0, 0, 0)
MoveLin(-15.115, 1.198, 0, 0, 0, 0)
MoveLin(-18.077, 3.865, 0, 0, 0, 0)
MoveLin(-21.766, 4.384, 0, 0, 0, 0)
MoveLin(-24.787, 2.734, 0, 0, 0, 0)
MoveLin(-25.999, -0.283, 0, 0, 0, 0)
MoveLin(-24.942, -3.351, 0, 0, 0, 0)
MoveLin(-22.017, -5.132, 0, 0, 0, 0)
MoveLin(-18.33, -4.777, 0, 0, 0, 0)
MoveLin(-15.274, -2.243, 0, 0, 0, 0)
MoveLin(-14.004, 1.689, 0, 0, 0, 0)
MoveLin(-15.002, 5.708, 0, 0, 0, 0)
MoveLin(-17.889, 8.472, 0, 0, 0, 0)
MoveLin(-21.574, 9.113, 0, 0, 0, 0)
MoveLin(-24.664, 7.565, 0, 0, 0, 0)
MoveLin(-25.991, 4.59, 0, 0, 0, 0)
MoveLin(-25.052, 1.489, 0, 0, 0, 0)
MoveLin(-22.204, -0.388, 0, 0, 0, 0)
MoveLin(-18.522, -0.155, 0, 0, 0, 0)
MoveLin(-15.399, 2.277, 0, 0, 0, 0)
MoveLin(-14.016, 6.164, 0, 0, 0, 0)
MoveLin(-14.895, 10.214, 0, 0, 0, 0)
MoveLin(-17.704, 13.073, 0, 0, 0, 0)
MoveLin(-21.381, 13.836, 0, 0, 0, 0)
MoveLin(-24.536, 12.391, 0, 0, 0, 0)
MoveLin(-25.977, 9.462, 0, 0, 0, 0)
MoveLin(-25.157, 6.333, 0, 0, 0, 0)
MoveLin(-22.388, 4.362, 0, 0, 0, 0)
MoveLin(-18.716, 4.473, 0, 0, 0, 0)
MoveLin(-15.529, 6.8, 0, 0, 0, 0)
MoveLin(-14.033, 10.64, 0, 0, 0, 0)
MoveLin(-14.793, 14.717, 0, 0, 0, 0)
MoveLin(-17.521, 17.668, 0, 0, 0, 0)
MoveLin(-21.187, 18.553, 0, 0, 0, 0)
MoveLin(-24.404, 17.214, 0, 0, 0, 0)
MoveLin(-25.956, 14.334, 0, 0, 0, 0)
MoveLin(-25.256, 11.179, 0, 0, 0, 0)
MoveLin(-22.569, 9.119, 0, 0, 0, 0)
MoveLin(-18.911, 9.108, 0, 0, 0, 0)
MoveLin(-15.665, 11.328, 0, 0, 0, 0)
MoveLin(-14.057, 15.116, 0, 0, 0, 0)
MoveLin(-14.697, 19.217, 0, 0, 0, 0)
MoveLin(-17.341, 22.257, 0, 0, 0, 0)
MoveLin(-20.991, 23.263, 0, 0, 0, 0)
MoveLin(-24.266, 22.032, 0, 0, 0, 0)
MoveLin(-25.928, 19.205, 0, 0, 0, 0)
MoveLin(-25.349, 16.029, 0, 0, 0, 0)
MoveLin(-22.748, 13.881, 0, 0, 0, 0)
MoveLin(-19.107, 13.749, 0, 0, 0, 0)
MoveLin(-15.655, 15.711, 0, 0, 0, 0)
MoveLin(-13.471, 18.976, 0, 0, 0, 0)
MoveLin(-13.521, 22.629, 0, 0, 0, 0)
MoveLin(-15.611, 25.288, 0, 0, 0, 0)
MoveLin(-18.774, 25.947, 0, 0, 0, 0)
MoveLin(-21.635, 24.358, 0, 0, 0, 0)
MoveLin(-22.938, 21.122, 0, 0, 0, 0)
MoveLin(-22.012, 17.461, 0, 0, 0, 0)
MoveLin(-19.031, 14.76, 0, 0, 0, 0)
MoveLin(-14.945, 14.04, 0, 0, 0, 0)
MoveLin(-11.122, 15.574, 0, 0, 0, 0)
MoveLin(-8.83, 18.781, 0, 0, 0, 0)
MoveLin(-8.76, 22.449, 0, 0, 0, 0)
MoveLin(-10.76, 25.191, 0, 0, 0, 0)
MoveLin(-13.898, 25.97, 0, 0, 0, 0)
MoveLin(-16.811, 24.493, 0, 0, 0, 0)
MoveLin(-18.22, 21.317, 0, 0, 0, 0)
MoveLin(-17.416, 17.643, 0, 0, 0, 0)
MoveLin(-14.526, 14.86, 0, 0, 0, 0)
MoveLin(-10.466, 14.021, 0, 0, 0, 0)
MoveLin(-6.594, 15.442, 0, 0, 0, 0)
MoveLin(-4.197, 18.586, 0, 0, 0, 0)
MoveLin(-4.004, 22.265, 0, 0, 0, 0)
MoveLin(-5.912, 25.088, 0, 0, 0, 0)
MoveLin(-9.022, 25.987, 0, 0, 0, 0)
MoveLin(-11.982, 24.622, 0, 0, 0, 0)
MoveLin(-13.496, 21.51, 0, 0, 0, 0)
MoveLin(-12.814, 17.827, 0, 0, 0, 0)
MoveLin(-10.018, 14.966, 0, 0, 0, 0)
MoveLin(-6.361, 13.634, 0, 0, 0, 0)
MoveLin(-2.912, 14.474, 0, 0, 0, 0)
MoveLin(-0.879, 17.085, 0, 0, 0, 0)
MoveLin(-1.032, 20.304, 0, 0, 0, 0)
MoveLin(-3.313, 22.736, 0, 0, 0, 0)
MoveLin(-6.859, 23.286, 0, 0, 0, 0)
MoveLin(-10.33, 21.568, 0, 0, 0, 0)
MoveLin(-12.414, 18.056, 0, 0, 0, 0)
MoveLin(-12.322, 13.901, 0, 0, 0, 0)
MoveLin(-10.089, 10.496, 0, 0, 0, 0)
MoveLin(-6.56, 8.953, 0, 0, 0, 0)
MoveLin(-3.069, 9.678, 0, 0, 0, 0)
MoveLin(-0.935, 12.22, 0, 0, 0, 0)
MoveLin(-0.966, 15.442, 0, 0, 0, 0)
MoveLin(-3.149, 17.948, 0, 0, 0, 0)
MoveLin(-6.66, 18.615, 0, 0, 0, 0)
MoveLin(-10.171, 17.013, 0, 0, 0, 0)
MoveLin(-12.354, 13.572, 0, 0, 0, 0)
MoveLin(-12.385, 9.416, 0, 0, 0, 0)
MoveLin(-10.251, 5.939, 0, 0, 0, 0)
MoveLin(-6.76, 4.279, 0, 0, 0, 0)
MoveLin(-3.231, 4.887, 0, 0, 0, 0)
MoveLin(-0.998, 7.357, 0, 0, 0, 0)
MoveLin(-0.906, 10.578, 0, 0, 0, 0)
MoveLin(-2.99, 13.155, 0, 0, 0, 0)
MoveLin(-6.461, 13.938, 0, 0, 0, 0)
MoveLin(-10.007, 12.453, 0, 0, 0, 0)
MoveLin(-12.288, 9.086, 0, 0, 0, 0)
MoveLin(-12.441, 4.933, 0, 0, 0, 0)
MoveLin(-10.408, 1.386, 0, 0, 0, 0)
MoveLin(-6.958, -0.388, 0, 0, 0, 0)
MoveLin(-3.396, 0.102, 0, 0, 0, 0)
MoveLin(-1.067, 2.496, 0, 0, 0, 0)
MoveLin(-0.853, 5.712, 0, 0, 0, 0)
MoveLin(-2.834, 8.357, 0, 0, 0, 0)
MoveLin(-6.262, 9.254, 0, 0, 0, 0)
MoveLin(-9.84, 7.888, 0, 0, 0, 0)
MoveLin(-12.216, 4.598, 0, 0, 0, 0)
MoveLin(-12.491, 0.451, 0, 0, 0, 0)
MoveLin(-10.562, -3.161, 0, 0, 0, 0)
MoveLin(-7.157, -5.049, 0, 0, 0, 0)
MoveLin(-3.565, -4.677, 0, 0, 0, 0)
MoveLin(-1.142, -2.362, 0, 0, 0, 0)
MoveLin(-0.806, 0.845, 0, 0, 0, 0)
MoveLin(-2.683, 3.553, 0, 0, 0, 0)
MoveLin(-6.064, 4.563, 0, 0, 0, 0)
MoveLin(-9.67, 3.316, 0, 0, 0, 0)
MoveLin(-12.138, 0.107, 0, 0, 0, 0)
MoveLin(-12.535, -4.028, 0, 0, 0, 0)
MoveLin(-10.711, -7.703, 0, 0, 0, 0)
MoveLin(-7.355, -9.703, 0, 0, 0, 0)
MoveLin(-3.737, -9.451, 0, 0, 0, 0)
MoveLin(-1.224, -7.218, 0, 0, 0, 0)
MoveLin(-0.766, -4.024, 0, 0, 0, 0)
MoveLin(-2.536, -1.255, 0, 0, 0, 0)
MoveLin(-5.866, -0.134, 0, 0, 0, 0)
MoveLin(-9.496, -1.261, 0, 0, 0, 0)
MoveLin(-12.053, -4.387, 0, 0, 0, 0)
MoveLin(-12.572, -8.507, 0, 0, 0, 0)
MoveLin(-10.855, -12.24, 0, 0, 0, 0)
MoveLin(-7.553, -14.351, 0, 0, 0, 0)
MoveLin(-3.912, -14.219, 0, 0, 0, 0)
MoveLin(-1.311, -12.071, 0, 0, 0, 0)
MoveLin(-0.732, -8.894, 0, 0, 0, 0)
MoveLin(-2.394, -6.068, 0, 0, 0, 0)
MoveLin(-5.669, -4.837, 0, 0, 0, 0)
MoveLin(-9.319, -5.843, 0, 0, 0, 0)
MoveLin(-11.963, -8.883, 0, 0, 0, 0)
MoveLin(-12.603, -12.984, 0, 0, 0, 0)
MoveLin(-10.995, -16.772, 0, 0, 0, 0)
MoveLin(-7.749, -18.992, 0, 0, 0, 0)
MoveLin(-4.091, -18.981, 0, 0, 0, 0)
MoveLin(-1.404, -16.921, 0, 0, 0, 0)
MoveLin(-0.704, -13.766, 0, 0, 0, 0)
MoveLin(-2.256, -10.886, 0, 0, 0, 0)
MoveLin(-5.473, -9.547, 0, 0, 0, 0)
MoveLin(-9.139, -10.432, 0, 0, 0, 0)
MoveLin(-11.867, -13.383, 0, 0, 0, 0)
MoveLin(-12.627, -17.46, 0, 0, 0, 0)
MoveLin(-11.131, -21.3, 0, 0, 0, 0)
MoveLin(-7.944, -23.627, 0, 0, 0, 0)
MoveLin(-4.272, -23.738, 0, 0, 0, 0)
MoveLin(-1.503, -21.767, 0, 0, 0, 0)
MoveLin(-0.683, -18.638, 0, 0, 0, 0)
MoveLin(-2.124, -15.708, 0, 0, 0, 0)
MoveLin(-5.176, -14.161, 0, 0, 0, 0)
MoveLin(-8.386, -14.457, 0, 0, 0, 0)
MoveLin(-10.729, -16.848, 0, 0, 0, 0)
MoveLin(-11.141, -20.431, 0, 0, 0, 0)
MoveLin(-9.29, -23.851, 0, 0, 0, 0)
MoveLin(-5.7, -25.815, 0, 0, 0, 0)
MoveLin(-1.551, -25.581, 0, 0, 0, 0)
MoveLin(1.764, -23.236, 0, 0, 0, 0)
MoveLin(3.17, -19.668, 0, 0, 0, 0)
MoveLin(2.31, -16.226, 0, 0, 0, 0)
MoveLin(-0.313, -14.21, 0, 0, 0, 0)
MoveLin(-3.531, -14.384, 0, 0, 0, 0)
MoveLin(-5.951, -16.68, 0, 0, 0, 0)
MoveLin(-6.481, -20.232, 0, 0, 0, 0)
MoveLin(-4.745, -23.696, 0, 0, 0, 0)
MoveLin(-1.222, -25.763, 0, 0, 0, 0)
MoveLin(2.933, -25.651, 0, 0, 0, 0)
MoveLin(6.325, -23.402, 0, 0, 0, 0)
MoveLin(7.848, -19.867, 0, 0, 0, 0)
MoveLin(7.103, -16.383, 0, 0, 0, 0)
MoveLin(4.549, -14.266, 0, 0, 0, 0)
MoveLin(1.327, -14.317, 0, 0, 0, 0)
MoveLin(-1.168, -16.516, 0, 0, 0, 0)
MoveLin(-1.815, -20.033, 0, 0, 0, 0)
MoveLin(-0.195, -23.538, 0, 0, 0, 0)
MoveLin(3.258, -25.704, 0, 0, 0, 0)
MoveLin(7.415, -25.714, 0, 0, 0, 0)
MoveLin(10.88, -23.564, 0, 0, 0, 0)
MoveLin(12.52, -20.066, 0, 0, 0, 0)
MoveLin(11.564, -16.216, 0, 0, 0, 0)
MoveLin(8.615, -13.533, 0, 0, 0, 0)
MoveLin(4.926, -12.994, 0, 0, 0, 0)
MoveLin(1.893, -14.627, 0, 0, 0, 0)
MoveLin(0.662, -17.637, 0, 0, 0, 0)
MoveLin(1.699, -20.711, 0, 0, 0, 0)
MoveLin(4.611, -22.508, 0, 0, 0, 0)
MoveLin(8.298, -22.173, 0, 0, 0, 0)
MoveLin(11.366, -19.656, 0, 0, 0, 0)
MoveLin(12.654, -15.732, 0, 0, 0, 0)
MoveLin(11.676, -11.707, 0, 0, 0, 0)
MoveLin(8.802, -8.927, 0, 0, 0, 0)
MoveLin(5.118, -8.266, 0, 0, 0, 0)
MoveLin(2.017, -9.797, 0, 0, 0, 0)
MoveLin(0.671, -12.764, 0, 0, 0, 0)
MoveLin(1.59, -15.87, 0, 0, 0, 0)
MoveLin(4.425, -17.763, 0, 0, 0, 0)
MoveLin(8.106, -17.55, 0, 0, 0, 0)
MoveLin(11.24, -15.136, 0, 0, 0, 0)
MoveLin(12.642, -11.256, 0, 0, 0, 0)
MoveLin(11.783, -7.201, 0, 0, 0, 0)
MoveLin(8.987, -4.327, 0, 0, 0, 0)
MoveLin(5.311, -3.544, 0, 0, 0, 0)
MoveLin(2.145, -4.971, 0, 0, 0, 0)
MoveLin(0.686, -7.892, 0, 0, 0, 0)
MoveLin(1.486, -11.026, 0, 0, 0, 0)
MoveLin(4.242, -13.012, 0, 0, 0, 0)
MoveLin(7.912, -12.921, 0, 0, 0, 0)
MoveLin(11.109, -10.612, 0, 0, 0, 0)
MoveLin(12.623, -6.781, 0, 0, 0, 0)
MoveLin(11.884, -2.699, 0, 0, 0, 0)
MoveLin(9.169, 0.267, 0, 0, 0, 0)
MoveLin(5.506, 1.172, 0, 0, 0, 0)
MoveLin(2.279, -0.149, 0, 0, 0, 0)
MoveLin(0.708, -3.02, 0, 0, 0, 0)
MoveLin(1.388, -6.179, 0, 0, 0, 0)
MoveLin(4.061, -8.254, 0, 0, 0, 0)
MoveLin(7.716, -8.285, 0, 0, 0, 0)
MoveLin(10.973, -6.083, 0, 0, 0, 0)
MoveLin(12.598, -2.304, 0, 0, 0, 0)
MoveLin(11.979, 1.8, 0, 0, 0, 0)
MoveLin(9.348, 4.855, 0, 0, 0, 0)
MoveLin(5.702, 5.881, 0, 0, 0, 0)
MoveLin(2.417, 4.668, 0, 0, 0, 0)
MoveLin(0.737, 1.851, 0, 0, 0, 0)
MoveLin(1.296, -1.328, 0, 0, 0, 0)
MoveLin(3.883, -3.491, 0, 0, 0, 0)
MoveLin(7.52, -3.643, 0, 0, 0, 0)
MoveLin(10.832, -1.55, 0, 0, 0, 0)
MoveLin(12.566, 2.173, 0, 0, 0, 0)
MoveLin(12.068, 6.296, 0, 0, 0, 0)
MoveLin(9.525, 9.436, 0, 0, 0, 0)
MoveLin(5.899, 10.583, 0, 0, 0, 0)
MoveLin(2.56, 9.48, 0, 0, 0, 0)
MoveLin(0.772, 6.721, 0, 0, 0, 0)
MoveLin(1.21, 3.525, 0, 0, 0, 0)
MoveLin(3.708, 1.278, 0, 0, 0, 0)
MoveLin(7.322, 1.006, 0, 0, 0, 0)
MoveLin(10.686, 2.988, 0, 0, 0, 0)
MoveLin(12.528, 6.652, 0, 0, 0, 0)
MoveLin(12.151, 10.789, 0, 0, 0, 0)
MoveLin(9.698, 14.012, 0, 0, 0, 0)
MoveLin(6.097, 15.279, 0, 0, 0, 0)
MoveLin(2.708, 14.288, 0, 0, 0, 0)
MoveLin(0.814, 11.59, 0, 0, 0, 0)
MoveLin(1.13, 8.381, 0, 0, 0, 0)
MoveLin(3.536, 6.053, 0, 0, 0, 0)
MoveLin(7.124, 5.661, 0, 0, 0, 0)
MoveLin(10.537, 7.531, 0, 0, 0, 0)
MoveLin(12.483, 11.132, 0, 0, 0, 0)
MoveLin(12.228, 15.28, 0, 0, 0, 0)
MoveLin(9.868, 18.583, 0, 0, 0, 0)
MoveLin(6.295, 19.969, 0, 0, 0, 0)
MoveLin(2.86, 19.091, 0, 0, 0, 0)
MoveLin(0.862, 16.457, 0, 0, 0, 0)
MoveLin(1.055, 13.24, 0, 0, 0, 0)
MoveLin(3.368, 10.833, 0, 0, 0, 0)
MoveLin(6.926, 10.323, 0, 0, 0, 0)
MoveLin(10.382, 12.079, 0, 0, 0, 0)
MoveLin(12.432, 15.614, 0, 0, 0, 0)
MoveLin(12.299, 19.768, 0, 0, 0, 0)
MoveLin(10.035, 23.148, 0, 0, 0, 0)
MoveLin(6.494, 24.652, 0, 0, 0, 0)
MoveLin(3.016, 23.888, 0, 0, 0, 0)
MoveLin(0.916, 21.322, 0, 0, 0, 0)
MoveLin(1.044, 18.045, 0, 0, 0, 0)
MoveLin(3.727, 15.096, 0, 0, 0, 0)
MoveLin(7.718, 14.0, 0, 0, 0, 0)
MoveLin(11.684, 15.173, 0, 0, 0, 0)
MoveLin(14.302, 18.171, 0, 0, 0, 0)
MoveLin(14.759, 21.861, 0, 0, 0, 0)
MoveLin(13.06, 24.846, 0, 0, 0, 0)
MoveLin(10.023, 26.0, 0, 0, 0, 0)
MoveLin(6.974, 24.885, 0, 0, 0, 0)
MoveLin(5.242, 21.923, 0, 0, 0, 0)
MoveLin(5.659, 18.234, 0, 0, 0, 0)
MoveLin(8.244, 15.213, 0, 0, 0, 0)
MoveLin(12.196, 14.001, 0, 0, 0, 0)
MoveLin(16.199, 15.058, 0, 0, 0, 0)
MoveLin(18.915, 17.983, 0, 0, 0, 0)
MoveLin(19.495, 21.67, 0, 0, 0, 0)
MoveLin(17.896, 24.726, 0, 0, 0, 0)
MoveLin(14.9, 25.996, 0, 0, 0, 0)
MoveLin(11.816, 24.998, 0, 0, 0, 0)
MoveLin(9.987, 22.111, 0, 0, 0, 0)
MoveLin(10.281, 18.426, 0, 0, 0, 0)
MoveLin(12.765, 15.336, 0, 0, 0, 0)
MoveLin(16.675, 14.009, 0, 0, 0, 0)
MoveLin(20.711, 14.948, 0, 0, 0, 0)
MoveLin(23.523, 17.796, 0, 0, 0, 0)
MoveLin(24.225, 21.478, 0, 0, 0, 0)
MoveLin(22.728, 24.601, 0, 0, 0, 0)
MoveLin(19.776, 25.985, 0, 0, 0, 0)
MoveLin(16.661, 25.105, 0, 0, 0, 0)
MoveLin(14.457, 22.016, 0, 0, 0, 0)
MoveLin(14.161, 17.871, 0, 0, 0, 0)
MoveLin(16.073, 14.248, 0, 0, 0, 0)
MoveLin(19.47, 12.341, 0, 0, 0, 0)
MoveLin(23.067, 12.693, 0, 0, 0, 0)
MoveLin(25.504, 14.995, 0, 0, 0, 0)
MoveLin(25.861, 18.2, 0, 0, 0, 0)
MoveLin(24.002, 20.919, 0, 0, 0, 0)
MoveLin(20.629, 21.947, 0, 0, 0, 0)
MoveLin(17.019, 20.72, 0, 0, 0, 0)
MoveLin(14.536, 17.524, 0, 0, 0, 0)
MoveLin(14.119, 13.391, 0, 0, 0, 0)
MoveLin(15.925, 9.707, 0, 0, 0, 0)
MoveLin(19.272, 7.688, 0, 0, 0, 0)
MoveLin(22.894, 7.92, 0, 0, 0, 0)
MoveLin(25.422, 10.14, 0, 0, 0, 0)
MoveLin(25.9, 13.33, 0, 0, 0, 0)
MoveLin(24.148, 16.109, 0, 0, 0, 0)
MoveLin(20.827, 17.249, 0, 0, 0, 0)
MoveLin(17.193, 16.142, 0, 0, 0, 0)
MoveLin(14.621, 13.03, 0, 0, 0, 0)
MoveLin(14.082, 8.913, 0, 0, 0, 0)
MoveLin(15.781, 5.171, 0, 0, 0, 0)
MoveLin(19.075, 3.041, 0, 0, 0, 0)
MoveLin(22.718, 3.153, 0, 0, 0, 0)
MoveLin(25.334, 5.287, 0, 0, 0, 0)
MoveLin(25.933, 8.46, 0, 0, 0, 0)
MoveLin(24.289, 11.295, 0, 0, 0, 0)
MoveLin(21.024, 12.544, 0, 0, 0, 0)
MoveLin(17.371, 11.558, 0, 0, 0, 0)
MoveLin(14.712, 8.533, 0, 0, 0, 0)
MoveLin(14.053, 4.436, 0, 0, 0, 0)
MoveLin(15.642, 0.639, 0, 0, 0, 0)
MoveLin(18.878, -1.599, 0, 0, 0, 0)
MoveLin(22.539, -1.608, 0, 0, 0, 0)
MoveLin(25.24, 0.438, 0, 0, 0, 0)
MoveLin(25.96, 3.589, 0, 0, 0, 0)
MoveLin(24.426, 6.477, 0, 0, 0, 0)
MoveLin(21.219, 7.833, 0, 0, 0, 0)
MoveLin(17.551, 6.969, 0, 0, 0, 0)
MoveLin(14.809, 4.033, 0, 0, 0, 0)
MoveLin(14.03, -0.04, 0, 0, 0, 0)
MoveLin(15.507, -3.888, 0, 0, 0, 0)
MoveLin(18.683, -6.232, 0, 0, 0, 0)
MoveLin(22.357, -6.363, 0, 0, 0, 0)
MoveLin(25.14, -4.409, 0, 0, 0, 0)
MoveLin(25.979, -1.283, 0, 0, 0, 0)
MoveLin(24.558, 1.654, 0, 0, 0, 0)
MoveLin(21.413, 3.116, 0, 0, 0, 0)
MoveLin(17.734, 2.373, 0, 0, 0, 0)
MoveLin(14.912, -0.47, 0, 0, 0, 0)
MoveLin(14.013, -4.516, 0, 0, 0, 0)
MoveLin(15.378, -8.411, 0, 0, 0, 0)
MoveLin(18.49, -10.859, 0, 0, 0, 0)
MoveLin(22.173, -11.113, 0, 0, 0, 0)
MoveLin(25.035, -9.251, 0, 0, 0, 0)
MoveLin(25.993, -6.156, 0, 0, 0, 0)
MoveLin(24.685, -3.174, 0, 0, 0, 0)
MoveLin(21.606, -1.609, 0, 0, 0, 0)
MoveLin(17.92, -2.229, 0, 0, 0, 0)
MoveLin(15.02, -4.977, 0, 0, 0, 0)
MoveLin(14.003, -8.991, 0, 0, 0, 0)
MoveLin(15.253, -12.929, 0, 0, 0, 0)
MoveLin(18.298, -15.48, 0, 0, 0, 0)
MoveLin(21.986, -15.856, 0, 0, 0, 0)
MoveLin(24.923, -14.091, 0, 0, 0, 0)
MoveLin(25.999, -11.029, 0, 0, 0, 0)
MoveLin(24.807, -8.005, 0, 0, 0, 0)
MoveLin(21.797, -6.339, 0, 0, 0, 0)
MoveLin(18.108, -6.837, 0, 0, 0, 0)
MoveLin(15.134, -9.488, 0, 0, 0, 0)
MoveLin(14.0, -13.466, 0, 0, 0, 0)
MoveLin(15.134, -17.444, 0, 0, 0, 0)
MoveLin(18.108, -20.095, 0, 0, 0, 0)
MoveLin(21.797, -20.592, 0, 0, 0, 0)
MoveLin(24.807, -18.926, 0, 0, 0, 0)
MoveLin(25.999, -15.902, 0, 0, 0, 0)
MoveLin(24.923, -12.841, 0, 0, 0, 0)
MoveLin(21.986, -11.076, 0, 0, 0, 0)
MoveLin(18.298, -11.451, 0, 0, 0, 0)
MoveLin(15.253, -14.002, 0, 0, 0, 0)
MoveLin(14.003, -17.941, 0, 0, 0, 0)
MoveLin(15.02, -21.954, 0, 0, 0, 0)
MoveLin(17.92, -24.703, 0, 0, 0, 0)
MoveLin(21.606, -25.323, 0, 0, 0, 0)
